19
'HOH'  0  1   2 2 3                    1  1       0
'HIS'  5  6   8 7 8 9 10 15 16 17 18   2  7 10   2 0 180
'HID'  5  6   7 7 8 9 10 15 16 17      2  7 10   2 0 180
'HIE'  5  6   7 7 8 9 10 15 16 17      2  7 10   2 0 180
'GLN'  6  7   4 8 9 16 17              2  8  9   2 0 180
'ASN'  5  6   4 7 8 13 14              2  7  8   2 0 180
'TYR' 11 12   1 21                     1 12      6 0 30 150 180 210 330
'TYr' 11 12   1 22                     1 12      6 0 30 150 180 210 330
'SER'  5  6   1 11                     1  6     12 0 30 60 90 120 150 180 210 240 270 300 330
'SEr'  5  6   1 12                     1  6     12 0 30 60 90 120 150 180 210 240 270 300 330
'THR'  5  6   1 11                     1  6     12 0 30 60 90 120 150 180 210 240 270 300 330
'ThR'  5  6   1 11                     1  6     12 0 30 60 90 120 150 180 210 240 270 300 330
'CYS'  5  6   1 11                     1  6     12 0 30 60 90 120 150 180 210 240 270 300 330
'LHG'  2  1   1 50                     1  1     12 0 30 60 90 120 150 180 210 240 270 300 330
'LHG'  3  4   1 54                     1  4     12 0 30 60 90 120 150 180 210 240 270 300 330
'LMG'  3  4   1 58                     1  4     12 0 30 60 90 120 150 180 210 240 270 300 330
'LMG'  5  6   1 60                     1  6     12 0 30 60 90 120 150 180 210 240 270 300 330
'LMG'  7  8   1 62                     1  8     12 0 30 60 90 120 150 180 210 240 270 300 330
'LMG' 11 10   1 64                     1 10     12 0 30 60 90 120 150 180 210 240 270 300 330
